   7.9306945e-01  -8.1815185e-01   9.4718796e+00   7.9669955e-01  -6.0350038e-01   9.3333892e+00   9.7136446e-01   9.2379929e-01   4.0754871e+00   2.8078308e+00   5.7980347e-01   1.4950378e+01  -3.3872986e-01  -2.5391693e+00   3.8121643e+00   9.5401695e+00   2.0000000e+00
   1.2691269e+00   1.0520594e+00   9.8403444e+00   1.3069458e+00   1.0184250e+00   9.8984150e+00   3.9230072e-01   5.3576442e-01   8.8537863e-01   1.8049469e+00   1.9864502e+00   1.1066025e+01   5.0172424e-01   1.9596863e-01   8.4212950e+00   9.9774691e+00   1.0000000e+00
   9.5084381e-01   4.8470255e-01   9.7263386e+00   1.0418625e+00   4.7866820e-01   9.1498870e+00   7.7649545e-01   7.6109219e-01   1.3419401e+00   2.5281830e+00   1.8830109e+00   1.1905716e+01  -8.6123660e-01  -7.8315735e-01   7.6766050e+00   9.7847179e+00   1.0000000e+00
   1.0512095e+00   1.0012095e+00   9.8145996e+00   9.7137450e-01   1.0839233e+00   9.6310270e+00   3.0316218e-01   5.7646566e-01   8.5807270e-01   1.4915924e+00   2.2890778e+00   1.1216949e+01   5.8447266e-01  -1.6784668e-04   8.6587980e+00   9.9213823e+00   1.0000000e+00
   5.8038636e-01   5.1090291e-01   9.8149556e+00   5.2739716e-01   4.6717835e-01   9.6356350e+00   4.2131278e-01   6.0800287e-01   1.1038417e+00   1.3590393e+00   1.5972443e+00   1.1804581e+01  -1.2498474e-01  -5.5331420e-01   8.2741850e+00   9.8453656e+00   1.0000000e+00
   2.3085017e+00  -6.3131408e-01   9.7343338e+00   2.7151184e+00  -6.3300322e-01   1.0316727e+01   2.0195973e+00   5.2931439e-01   4.8739440e+00   6.3811190e+00   3.1625366e-01   1.6138672e+01  -7.0800780e-01  -1.7186279e+00   3.7654266e+00   1.0024220e+01   2.0000000e+00
   1.5646276e+00   1.7681427e-01   9.0886536e+00   1.1016235e+00   3.9746094e-01   9.0644685e+00   1.9171426e+00   9.1717979e-01   6.6654316e+00   4.5937040e+00   1.1268310e+00   1.8118378e+01  -1.1255646e+00  -1.7952423e+00   8.1423950e-01   9.2240418e+00   2.0000000e+00
   2.0181844e+00  -1.2926773e+00   9.6206915e+00   1.7674026e+00  -1.2187195e+00   9.8853915e+00   1.0597185e+00   3.4055107e-01   3.0015881e+00   4.9668120e+00  -8.2147217e-01   1.6138672e+01  -1.6175842e-01  -1.9231873e+00   3.4191284e+00   9.9147258e+00   2.0000000e+00
   1.9751282e+00  -3.8262482e-01   9.3724580e+00   1.8355865e+00  -3.3419800e-01   9.5057680e+00   1.3636740e+00   2.9560225e-01   3.4078809e+00   4.3929750e+00   5.6533813e-02   1.4664597e+01   8.8775635e-02  -9.9845886e-01   4.0726470e+00   9.5859534e+00   2.0000000e+00
   2.0427257e+00  -3.8985087e-01   9.4864594e+00   2.7151184e+00  -5.2726746e-01   1.0316727e+01   2.5297492e+00   4.3235230e-01   6.7550737e+00   6.3811190e+00   5.5068970e-01   1.8568878e+01  -1.2351227e+00  -1.0306244e+00   8.5943604e-01   9.7117261e+00   2.0000000e+00
   8.1935628e-02  -1.0337692e+00   9.9773852e+00   8.3419800e-02  -1.0329285e+00   9.9781040e+00   6.0717736e-03   8.0406569e-03   3.1685263e-03   9.0316770e-02  -1.0183716e+00   9.9834590e+00   6.8099976e-02  -1.0505524e+00   9.9696660e+00   1.0031132e+01   0.0000000e+00
   1.8781331e+00  -5.4913482e-01   9.5866994e+00   1.5302734e+00  -6.4411165e-01   9.6969223e+00   2.0927988e+00   9.0715887e-01   7.5939498e+00   4.5186310e+00   5.4455566e-01   1.8346695e+01  -7.9306030e-01  -2.0204926e+00   9.4218445e-01   9.7843619e+00   2.0000000e+00
   9.6427613e-01   8.9060516e-01   9.7696029e+00   9.2310332e-01   7.8053284e-01   1.0092636e+01   5.5129782e-01   6.8044701e-01   1.3585808e+00   1.7321625e+00   2.0914154e+00   1.1915680e+01  -9.9685670e-02  -4.0545654e-01   7.7424774e+00   9.8573905e+00   1.0000000e+00
   2.1930679e+00  -7.0322979e-01   9.6041911e+00   2.8798370e+00  -8.8505554e-01   9.8876950e+00   2.4559396e+00   6.6125731e-01   7.0439561e+00   5.6080780e+00   2.1282959e-01   1.8981827e+01  -1.7024689e+00  -2.5131226e+00  -1.1203003e-01   9.8764652e+00   2.0000000e+00
   7.5790253e-01   7.5336354e-01   9.8131459e+00   8.6795043e-01   7.9739380e-01   9.8922880e+00   4.6847684e-01   7.1452005e-01   1.0223234e+00   1.5329590e+00   2.1848755e+00   1.1341827e+01  -5.0659180e-02  -6.3223267e-01   8.3385470e+00   9.8711602e+00   1.0000000e+00
   1.8438345e+00  -2.3384043e-01   9.4480265e+00   1.5908051e+00  -4.0771500e-02   9.1403123e+00   2.4037858e+00   1.3866626e+00   7.6657847e+00   4.9009247e+00   1.5528107e+00   1.8066284e+01  -1.1408844e+00  -2.1308136e+00   6.9854736e-01   9.6291024e+00   2.0000000e+00
   4.3254649e-01   9.7281137e-01   9.7302205e+00   4.1209412e-01   8.1999207e-01   9.2418370e+00   3.7693031e-01   5.0424228e-01   1.1781505e+00   1.1858978e+00   1.6991425e+00   1.1687363e+01  -3.8777160e-01  -2.6214600e-02   8.0512390e+00   9.7882915e+00   1.0000000e+00
   8.3363342e-02  -1.0270274e+00   9.9782508e+00   8.4182740e-02  -1.0256500e+00   9.9773250e+00   3.4013859e-03   6.7281485e-03   2.7101671e-03   8.7249756e-02  -1.0145416e+00   9.9834590e+00   7.5759890e-02  -1.0390625e+00   9.9750370e+00   1.0031312e+01   0.0000000e+00
   8.3745321e-02  -1.0245489e+00   9.9758748e+00   8.4182740e-02  -1.0245056e+00   9.9765625e+00   2.2831377e-03   4.1459967e-03   2.7793928e-03   8.8012695e-02  -1.0168457e+00   9.9803920e+00   7.8048706e-02  -1.0313873e+00   9.9712070e+00   1.0028698e+01   0.0000000e+00
   2.0164495e+00  -6.3540089e-01   1.0181329e+01   3.9172058e+00  -8.3833313e-01   1.7459503e+01   2.4277109e+00   9.7531067e-01   8.5580584e+00   4.5186310e+00   5.1622010e-01   1.8583435e+01  -7.9306030e-01  -2.1154938e+00   7.8205870e-01   1.0398523e+01   2.0000000e+00
   8.2573141e-01   1.2816701e+00   9.7819138e+00   8.8633728e-01   1.3612671e+00   9.7720030e+00   3.9321548e-01   5.3431020e-01   7.9930293e-01   1.5383301e+00   2.2109375e+00   1.0898239e+01   1.6156006e-01   3.9669800e-01   8.2320560e+00   9.9000176e+00   1.0000000e+00
   1.8582896e+00  -5.9466655e-01   9.8253276e+00   1.3559875e+00  -6.5982057e-01   9.6547850e+00   2.0684644e+00   3.7963716e-01   5.9883260e+00   5.7122803e+00   2.2431946e-01   1.9353409e+01  -2.2471924e+00  -1.1470795e+00  -7.6019290e-01   1.0017182e+01   2.0000000e+00
   1.7188014e+00  -1.1730906e-01   9.3411759e+00   1.5505829e+00  -2.7980042e-01   9.3222810e+00   1.5507418e+00   9.3591213e-01   5.0651705e+00   4.2765200e+00   1.2892609e+00   1.7096344e+01  -6.3139343e-01  -1.4267273e+00   1.3015137e+00   9.4987160e+00   2.0000000e+00
   2.2946365e+00  -1.8550018e+00   1.0220708e+01   3.2721100e+00  -1.9469452e+00   1.8352050e+01   2.9691638e+00   1.3225389e+00   9.6299341e+00   6.2049103e+00  -1.0665894e-01   1.9594742e+01  -1.3148041e+00  -3.5205994e+00  -1.0252686e+00   1.0638104e+01   2.0000000e+00
   8.3976746e-02  -1.0264664e+00   9.9774328e+00   8.4182740e-02  -1.0267944e+00   9.9773250e+00   1.3771965e-03   3.5046685e-03   3.4586874e-03   8.6471560e-02  -1.0214386e+00   9.9834590e+00   8.1115720e-02  -1.0352173e+00   9.9696660e+00   1.0030446e+01   0.0000000e+00
   2.0510773e+00  -7.1855316e-01   1.0175711e+01   3.9746552e+00  -1.1332855e+00   1.6298020e+01   2.2996145e+00   8.2440151e-01   7.8773442e+00   4.2726900e+00   4.0972900e-01   1.8583435e+01  -7.5398254e-01  -2.1154938e+00   7.8205870e-01   1.0405207e+01   2.0000000e+00
   1.9700928e-01   7.7343496e-01   9.8076799e+00   3.2053375e-01   8.0696107e-01   9.8604967e+00   4.6273946e-01   5.6982344e-01   1.3075382e+00   8.7944030e-01   1.5941772e+00   1.1931763e+01  -9.4168090e-01  -2.3460388e-01   7.7838593e+00   9.8401015e+00   1.0000000e+00
   8.2186888e-02  -1.0367294e+00   9.9768713e+00   8.1878660e-02  -1.0363770e+00   9.9765625e+00   1.2336739e-03   2.1343646e-03   2.7412203e-03   8.4182740e-02  -1.0329285e+00   9.9834590e+00   8.0352780e-02  -1.0405884e+00   9.9727330e+00   1.0030928e+01   0.0000000e+00
   8.1907145e-02  -1.0287394e+00   9.9774604e+00   8.2641600e-02  -1.0279464e+00   9.9765625e+00   3.2547219e-03   1.3027366e-02   2.5460226e-03   8.7249756e-02  -9.9998474e-01   9.9826970e+00   7.4218750e-02  -1.0666351e+00   9.9742580e+00   1.0030689e+01   0.0000000e+00
   8.2444253e-02  -1.0375727e+00   9.9776638e+00   8.1878660e-02  -1.0375214e+00   9.9784855e+00   1.1565145e-03   2.7428807e-03   3.5446418e-03   8.4182740e-02  -1.0329285e+00   9.9826970e+00   8.0352780e-02  -1.0421143e+00   9.9681400e+00   1.0031806e+01   0.0000000e+00
   8.3745320e-02  -1.0236552e+00   9.9771012e+00   8.4182740e-02  -1.0229645e+00   9.9773250e+00   2.1261747e-03   1.9417986e-03   3.2249715e-03   8.8775635e-02  -1.0214386e+00   9.9849850e+00   8.0352780e-02  -1.0275574e+00   9.9727330e+00   1.0029827e+01   0.0000000e+00
   1.0150721e+00   8.2006734e-01   9.6693894e+00   9.9589540e-01   9.0158080e-01   9.8149110e+00   3.8940925e-01   5.0016160e-01   9.8297765e-01   1.8769531e+00   1.7757568e+00   1.1193970e+01   2.9487610e-01  -1.6784668e-04   7.9715576e+00   9.7570473e+00   1.0000000e+00
   1.9609044e+00  -3.9866384e-01   9.6647917e+00   2.1477890e+00  -2.3997498e-01   9.6061325e+00   1.8710374e+00   9.6035511e-01   6.3262514e+00   4.3577423e+00   1.1268310e+00   1.7749100e+01  -3.4715270e-01  -1.8350830e+00   1.3244934e+00   9.8697659e+00   2.0000000e+00
   8.2904561e-02  -1.0300913e+00   9.9774085e+00   8.3419800e-02  -1.0302429e+00   9.9765625e+00   1.5363864e-03   3.4371782e-03   2.4907883e-03   8.4945680e-02  -1.0252686e+00   9.9865265e+00   7.9589844e-02  -1.0352173e+00   9.9750370e+00   1.0030785e+01   0.0000000e+00
   8.3744303e-02  -1.0259547e+00   9.9767691e+00   8.4182740e-02  -1.0267944e+00   9.9777065e+00   2.3181870e-03   4.0349797e-03   2.3708258e-03   8.8012695e-02  -1.0176086e+00   9.9796295e+00   7.8048706e-02  -1.0313873e+00   9.9712070e+00   1.0029732e+01   0.0000000e+00
   8.4027100e-02  -1.0251373e+00   9.9770763e+00   8.4182740e-02  -1.0241165e+00   9.9773250e+00   1.4555552e-03   3.6478440e-03   2.0047024e-03   8.6471560e-02  -1.0214386e+00   9.9811550e+00   8.0352780e-02  -1.0352173e+00   9.9734955e+00   1.0029956e+01   0.0000000e+00
   8.3237203e-02  -1.0271286e+00   9.9779440e+00   8.3419800e-02  -1.0275574e+00   9.9781040e+00   1.4325605e-03   3.0151517e-03   3.9025875e-03   8.5708620e-02  -1.0229645e+00   9.9834590e+00   8.0352780e-02  -1.0352173e+00   9.9696660e+00   1.0031016e+01   0.0000000e+00
   8.3158365e-02  -1.0278936e+00   9.9796301e+00   8.3419800e-02  -1.0267944e+00   9.9796295e+00   1.1277411e-03   3.7876313e-03   2.8307925e-03   8.5708620e-02  -1.0222015e+00   9.9857640e+00   8.1115720e-02  -1.0352173e+00   9.9750370e+00   1.0032771e+01   0.0000000e+00
   9.3516438e-01   2.5733693e-01   9.9526865e+00   9.1928100e-01   1.9979858e-01   1.0412506e+01   3.9867565e-01   7.3727481e-01   1.2354722e+00   1.8922882e+00   1.3589783e+00   1.1383972e+01   3.4007263e-01  -9.2184450e-01   7.6865540e+00   9.9998361e+00   1.0000000e+00
   9.3585256e-01   4.3086854e-01   9.7834203e+00   8.6795044e-01   3.9134216e-01   9.6888735e+00   3.3755498e-01   6.8050725e-01   1.3057344e+00   1.7482452e+00   1.2984467e+00   1.1891159e+01   5.5995180e-01  -8.7432860e-01   8.2205660e+00   9.8375190e+00   1.0000000e+00
   6.7377930e-01   9.9908854e-01   9.7101243e+00   5.2164459e-01   1.0368118e+00   9.2180790e+00   4.9634321e-01   5.4950914e-01   1.4283787e+00   1.6800537e+00   1.8110046e+00   1.1931763e+01  -6.9046020e-02  -2.4566650e-03   7.7838593e+00   9.7846140e+00   1.0000000e+00
   8.3490499e-02  -1.0238347e+00   9.9777396e+00   8.4182740e-02  -1.0229645e+00   9.9765625e+00   2.5701664e-03   4.5232552e-03   2.2820528e-03   8.7249756e-02  -1.0168457e+00   9.9819340e+00   7.5759890e-02  -1.0314026e+00   9.9750370e+00   1.0030478e+01   0.0000000e+00
   5.1753692e-01   1.1045903e+00   9.6673487e+00   4.1285706e-01   1.0494537e+00   9.5996250e+00   3.5106696e-01   5.3469422e-01   1.0602596e+00   1.1736450e+00   2.1848755e+00   1.1613052e+01  -5.0659180e-02   1.5843200e-01   8.3385470e+00   9.7440031e+00   1.0000000e+00
   8.2468159e-02  -1.0266693e+00   9.9784032e+00   8.2641600e-02  -1.0267944e+00   9.9781040e+00   1.2994968e-03   4.3475540e-03   1.8834252e-03   8.4945680e-02  -1.0191345e+00   9.9819340e+00   8.0352780e-02  -1.0336914e+00   9.9750370e+00   1.0031420e+01   0.0000000e+00
   8.7507273e-01   1.1656255e+00   9.7347925e+00   8.0282590e-01   1.1773987e+00   1.0011802e+01   5.6921736e-01   7.3019512e-01   1.5186550e+00   1.7321625e+00   2.6690826e+00   1.1915680e+01  -8.6123660e-01  -4.0545654e-01   7.3463900e+00   9.8433033e+00   1.0000000e+00
   2.1368856e+00  -4.8873495e-01   9.0364527e+00   3.6076355e-01   4.7714233e-01   4.1783752e+00   3.0437300e+00   1.4290141e+00   8.0763181e+00   6.4653930e+00   1.1367950e+00   1.8413345e+01  -1.5599670e+00  -2.5315094e+00  -6.1462402e-02   9.2985278e+00   2.0000000e+00
   7.7161661e-01  -6.8487040e-01   9.6923508e+00   6.1588287e-01  -5.5409240e-01   9.3893130e+00   8.7616226e-01   1.0158218e+00   3.0630039e+00   3.1977844e+00   5.8822630e-01   1.4922028e+01  -4.9502563e-01  -3.6508484e+00   4.2978973e+00   9.7471075e+00   2.0000000e+00
   8.2850646e-02  -1.0371658e+00   9.9785298e+00   8.2641600e-02  -1.0379029e+00   9.9796295e+00   1.5699173e-03   3.7668739e-03   3.1825163e-03   8.6471560e-02  -1.0321655e+00   9.9849850e+00   8.0352780e-02  -1.0428925e+00   9.9734955e+00   1.0032629e+01   0.0000000e+00
   5.8429363e-01   8.8107910e-01   9.8010391e+00   8.1585693e-01   8.5791016e-01   9.6271970e+00   8.0991449e-01   6.9728251e-01   9.6993935e-01   1.7237244e+00   2.0776215e+00   1.1255264e+01  -1.0550842e+00  -7.2799680e-01   8.3607640e+00   9.8578937e+00   1.0000000e+00
   8.2699584e-02  -1.0295044e+00   9.9766934e+00   8.2641600e-02  -1.0283356e+00   9.9758000e+00   1.6453291e-03   3.3527376e-03   3.5034580e-03   8.4945680e-02  -1.0252686e+00   9.9865265e+00   7.9589844e-02  -1.0352173e+00   9.9719700e+00   1.0030011e+01   0.0000000e+00
   2.5975937e+00  -4.9509431e-01   9.6934999e+00   4.8158875e+00  -1.3485870e+00   1.4187302e+01   3.4912702e+00   1.4485046e+00   8.4979512e+00   6.5305176e+00   1.3321533e+00   1.8761948e+01  -1.8135529e+00  -2.0741120e+00  -5.2276610e-02   1.0047714e+01   2.0000000e+00
   8.3362324e-02  -1.0327977e+00   9.9772543e+00   8.3030700e-02  -1.0336914e+00   9.9773250e+00   1.7311925e-03   3.3107162e-03   2.2062132e-03   8.7249756e-02  -1.0245056e+00   9.9803920e+00   8.0352780e-02  -1.0382843e+00   9.9727330e+00   1.0030913e+01   0.0000000e+00
   8.3080545e-02  -1.0287628e+00   9.9782502e+00   8.2641600e-02  -1.0283356e+00   9.9780960e+00   1.5418122e-03   4.7631459e-03   3.5161673e-03   8.5708620e-02  -1.0206757e+00   9.9834590e+00   8.1115720e-02  -1.0413513e+00   9.9727330e+00   1.0031487e+01   0.0000000e+00
   8.0540365e-01   3.0601095e-01   9.9435949e+00   8.1585693e-01   4.8863220e-01   9.6271970e+00   5.0505821e-01   5.7366792e-01   1.1008245e+00   1.7237244e+00   1.1429291e+00   1.1868179e+01  -3.2800293e-01  -7.2799680e-01   8.3607640e+00   9.9808515e+00   1.0000000e+00
   7.2521565e-01   1.2581009e+00   9.6836701e+00   7.2544860e-01   1.3635788e+00   9.4103850e+00   3.0409463e-01   5.3694266e-01   1.0243494e+00   1.3276367e+00   2.1067352e+00   1.1426117e+01   2.5427246e-01  -1.3883972e-01   8.4718630e+00   9.7919468e+00   1.0000000e+00
   7.4510651e-01   9.1673177e-01   9.7708548e+00   7.1969605e-01   1.0394897e+00   9.4494555e+00   3.6230830e-01   4.7725330e-01   1.0954502e+00   1.5551758e+00   1.7152405e+00   1.1645996e+01   8.2656860e-02  -1.0359192e-01   8.4603580e+00   9.8420112e+00   1.0000000e+00
   2.5829859e+00  -4.8350067e-01   9.9406831e+00   2.6323776e+00  -3.8323975e-01   1.0645409e+01   2.2809313e+00   1.3495576e+00   7.1484873e+00   5.7245330e+00   1.3643341e+00   1.8469269e+01  -5.2030945e-01  -2.6280365e+00  -2.3614502e-01   1.0282158e+01   2.0000000e+00
   8.4127299e-02  -1.0312917e+00   9.9773051e+00   8.4182740e-02  -1.0313873e+00   9.9773250e+00   1.8765673e-03   3.0943894e-03   3.1711991e-03   8.7249756e-02  -1.0245056e+00   9.9834590e+00   8.1115720e-02  -1.0367584e+00   9.9719700e+00   1.0030815e+01   0.0000000e+00
   5.2808584e-01   5.9834595e-01   9.8882777e+00   4.4580078e-01   7.7363586e-01   9.9666060e+00   4.2121451e-01   7.0990649e-01   1.0672423e+00   1.4647675e+00   1.9879761e+00   1.1581634e+01  -2.0465088e-01  -8.6054990e-01   8.2335820e+00   9.9204299e+00   1.0000000e+00
   8.2161457e-02  -1.0365000e+00   9.9772028e+00   8.1878660e-02  -1.0359955e+00   9.9773250e+00   1.6507379e-03   2.2343620e-03   3.4716823e-03   8.5708620e-02  -1.0321655e+00   9.9834590e+00   7.9589844e-02  -1.0405884e+00   9.9704440e+00   1.0031234e+01   0.0000000e+00
   1.9777318e+00  -4.4825948e-01   1.0054530e+01   3.4138489e+00  -8.3143616e-01   1.6059753e+01   2.3998046e+00   1.3691574e+00   7.9841334e+00   4.9009247e+00   1.5528107e+00   1.8066284e+01  -1.1408844e+00  -2.1308136e+00   6.9854736e-01   1.0256995e+01   2.0000000e+00
   8.2239786e-02  -1.0318298e+00   9.9782767e+00   8.1878660e-02  -1.0313873e+00   9.9781040e+00   2.2115992e-03   7.1504930e-03   2.9530631e-03   8.5708620e-02  -1.0130157e+00   9.9842220e+00   7.8048706e-02  -1.0444183e+00   9.9727330e+00   1.0031821e+01   0.0000000e+00
   2.2334971e+00  -7.8909200e-01   1.0095036e+01   3.9746552e+00  -9.9845886e-01   1.5317352e+01   2.1627978e+00   7.2414501e-01   6.9138401e+00   4.4948730e+00   1.2701416e-01   1.7103241e+01  -5.0651550e-01  -1.9178314e+00   1.8860779e+00   1.0369230e+01   2.0000000e+00
   7.7848511e-01   5.5483042e-01   9.8512976e+00   7.0973968e-01   5.1545715e-01   1.0001846e+01   4.2913026e-01   6.7508015e-01   1.1469214e+00   1.5804596e+00   1.3597412e+00   1.1423813e+01   1.6998291e-01  -8.6054990e-01   8.2335820e+00   9.8975724e+00   1.0000000e+00
   1.6801631e+00  -2.0756226e-01   9.3285091e+00   1.8355865e+00  -1.7178345e-01   9.5057680e+00   1.5827400e+00   4.9440825e-01   4.9524815e+00   4.3286285e+00   9.5214844e-01   1.6858840e+01  -7.9382324e-01  -9.9845886e-01   2.1772156e+00   9.4808814e+00   2.0000000e+00
   8.4103903e-02  -1.0235540e+00   9.9775611e+00   8.4182740e-02  -1.0237274e+00   9.9769438e+00   2.2944396e-03   3.3689287e-03   3.1944853e-03   8.6486820e-02  -1.0168457e+00   9.9826970e+00   7.9589844e-02  -1.0306244e+00   9.9712070e+00   1.0030277e+01   0.0000000e+00
   1.4590007e+00  -2.8085632e-01   9.5747234e+00   1.1602249e+00  -1.3500975e-01   9.8815694e+00   2.4920086e+00   9.5257567e-01   8.4453584e+00   4.8963320e+00   9.5214844e-01   1.8718277e+01  -1.5415802e+00  -1.6872101e+00   1.8217468e-01   9.6893184e+00   2.0000000e+00
   1.8036372e+00  -4.4805348e-01   9.4695770e+00   1.9259949e+00  -3.2960510e-01   1.0193375e+01   1.1137393e+00   9.0103470e-01   3.7771033e+00   3.4973602e+00   8.8856506e-01   1.4432465e+01  -1.2113953e-01  -1.9392700e+00   3.7546997e+00   9.6502201e+00   2.0000000e+00
   1.8329798e+00  -2.2949728e-01   9.5612371e+00   1.3881531e+00   3.1816864e-01   9.1433790e+00   1.8100177e+00   1.1057466e+00   5.5713084e+00   5.2617800e+00   1.0770416e+00   1.7766724e+01  -4.5825195e-01  -2.2035980e+00   9.1613770e-01   9.7380562e+00   2.0000000e+00
   5.3413797e-01   4.1769003e-01   9.8679514e+00   4.7759245e-01   5.6372070e-01   9.6904145e+00   4.4046928e-01   6.0448273e-01   1.0117910e+00   1.1230774e+00   1.2808228e+00   1.1868179e+01  -3.2800293e-01  -7.2799680e-01   8.5660860e+00   9.8912200e+00   1.0000000e+00
   8.2215373e-02  -1.0305008e+00   9.9782512e+00   8.2641600e-02  -1.0329285e+00   9.9781040e+00   3.9002768e-03   1.6726094e-02   3.3326668e-03   8.7249756e-02  -9.9998474e-01   9.9865265e+00   7.4218750e-02  -1.0666351e+00   9.9742580e+00   1.0031659e+01   0.0000000e+00
   4.4971007e-01  -9.4982554e-01   9.3438823e+00   2.0408630e-01  -8.0691530e-01   9.4096222e+00   7.9294634e-01   1.0838616e+00   4.0033211e+00   2.8078308e+00   5.7980347e-01   1.4950378e+01  -4.9502563e-01  -3.6508484e+00   3.8121643e+00   9.4027945e+00   2.0000000e+00
   1.4470988e+00  -1.0463862e+00   1.0121212e+01   1.2406692e+00  -1.0049591e+00   1.0442764e+01   1.2359422e+00   1.0158196e+00   6.3773655e+00   3.2537231e+00   5.0549316e-01   1.8860016e+01  -3.0654907e-01  -3.0547790e+00   1.2164307e-01   1.0277546e+01   2.0000000e+00
   8.3338419e-02  -1.0277914e+00   9.9782009e+00   8.3419800e-02  -1.0279465e+00   9.9781040e+00   1.3992292e-03   3.2074496e-03   3.1845675e-03   8.5708620e-02  -1.0229645e+00   9.9834590e+00   8.0352780e-02  -1.0352173e+00   9.9712070e+00   1.0031341e+01   0.0000000e+00
   8.3081563e-02  -1.0335897e+00   9.9784822e+00   8.3030700e-02  -1.0329285e+00   9.9788670e+00   1.4186535e-03   2.6451509e-03   1.8842856e-03   8.5708620e-02  -1.0298615e+00   9.9819340e+00   8.1115720e-02  -1.0382843e+00   9.9742740e+00   1.0032214e+01   0.0000000e+00
   8.2953898e-02  -1.0288157e+00   9.9787110e+00   8.4945680e-02  -1.0306244e+00   9.9781040e+00   4.0214306e-03   6.8774397e-03   2.5795585e-03   8.7249756e-02  -1.0145416e+00   9.9834590e+00   7.4218750e-02  -1.0390625e+00   9.9750370e+00   1.0031950e+01   0.0000000e+00
   8.3183796e-02  -1.0325673e+00   9.9780219e+00   8.2641600e-02  -1.0336914e+00   9.9781040e+00   2.0731793e-03   3.6022224e-03   1.9130143e-03   8.7249756e-02  -1.0245056e+00   9.9819340e+00   8.0352780e-02  -1.0382843e+00   9.9750370e+00   1.0031652e+01   0.0000000e+00
   8.2316588e-02  -1.0385961e+00   9.9772543e+00   8.2641600e-02  -1.0394439e+00   9.9769438e+00   1.4039362e-03   2.5414636e-03   2.4162641e-03   8.4182740e-02  -1.0336914e+00   9.9849850e+00   7.9589844e-02  -1.0421143e+00   9.9734955e+00   1.0031503e+01   0.0000000e+00
   1.3985270e+00  -1.1938945e+00   9.7066004e+00   1.2682571e+00  -1.0061188e+00   1.0377258e+01   1.8936021e+00   1.5512820e+00   9.6442334e+00   4.1868896e+00   5.5223083e-01   2.1066513e+01  -8.4898376e-01  -3.4478150e+00  -1.5431824e+00   9.8792384e+00   2.0000000e+00
   1.1377569e+00   2.6949260e-01   9.8921341e+00   1.2015991e+00   3.9134216e-01   9.6808320e+00   3.8546504e-01   8.1233222e-01   1.2896238e+00   1.7827301e+00   1.2984467e+00   1.1891159e+01   6.2738040e-01  -1.0704651e+00   8.2205660e+00   9.9609957e+00   1.0000000e+00
   8.2698567e-02  -1.0295802e+00   9.9783270e+00   8.2641600e-02  -1.0294800e+00   9.9781040e+00   1.1558200e-03   2.9463142e-03   3.6061135e-03   8.4182740e-02  -1.0252686e+00   9.9857640e+00   8.0352780e-02  -1.0352173e+00   9.9719700e+00   1.0031644e+01   0.0000000e+00
   1.9879232e+00  -1.4434270e+00   9.3389277e+00   1.7674026e+00  -1.4397507e+00   9.2709425e+00   1.2405162e+00   4.4882003e-01   3.7591604e+00   4.1524050e+00  -6.1843870e-01   1.5186340e+01   2.2438050e-01  -2.2112580e+00   3.7125702e+00   9.6566501e+00   2.0000000e+00
   3.7138316e-01   1.5246663e+00   9.7547378e+00   4.8296356e-01   1.4915161e+00   9.6203000e+00   5.4610888e-01   5.7095228e-01   1.0468083e+00   1.2877960e+00   2.4124298e+00   1.1321915e+01  -8.5740660e-01   3.4689330e-01   8.1929780e+00   9.8801540e+00   1.0000000e+00
   8.3261108e-02  -1.0345347e+00   9.9784557e+00   8.3419800e-02  -1.0329285e+00   9.9788670e+00   1.1811511e-03   3.0406751e-03   3.4239358e-03   8.5708620e-02  -1.0306244e+00   9.9842220e+00   8.1115720e-02  -1.0398254e+00   9.9712070e+00   1.0032287e+01   0.0000000e+00
   5.5995738e-01   3.4097087e-01   9.9477056e+00   5.9788513e-01   2.4806213e-01   1.0476852e+01   5.1987579e-01   7.1569857e-01   1.3712905e+00   1.5191650e+00   1.7941437e+00   1.1917206e+01  -6.6587830e-01  -1.1034088e+00   7.6130066e+00   9.9692858e+00   1.0000000e+00
   8.2369029e-01   5.8869375e-01   9.8368951e+00   7.6528930e-01   7.4145510e-01   9.9079970e+00   4.9587863e-01   9.6632464e-01   1.0701040e+00   1.8922882e+00   2.0163270e+00   1.1303528e+01  -1.9622803e-01  -9.2184450e-01   8.1347500e+00   9.8888589e+00   1.0000000e+00
   2.0805232e+00  -2.9577026e-01   9.1124796e+00   2.1037369e+00  -1.9285584e-01   9.1150360e+00   1.5778436e+00   8.2256120e-01   4.8177175e+00   4.7277830e+00   8.4335330e-01   1.6528625e+01  -3.4715270e-01  -1.8350830e+00   1.3681641e+00   9.3516491e+00   2.0000000e+00
   7.7529348e-01   1.1701991e+00   9.7064992e+00   7.2085570e-01   1.2440491e+00   9.5195540e+00   4.6392366e-01   5.7754608e-01   9.6859541e-01   1.6264343e+00   1.9864502e+00   1.1493530e+01   2.1972656e-03   1.9596863e-01   8.2749630e+00   9.8074753e+00   1.0000000e+00
   2.8064677e-01   9.9132690e-01   9.7875294e+00   2.5196838e-01   1.0191880e+00   9.9635315e+00   5.2167786e-01   6.0889081e-01   8.4313450e-01   1.1085205e+00   2.1036682e+00   1.0918915e+01  -8.6047363e-01   9.5596310e-02   8.2979430e+00   9.8416068e+00   1.0000000e+00
   7.9355570e-01   1.4978516e+00   9.7126012e+00   8.3998872e-01   1.5497437e+00   9.8417210e+00   3.3674619e-01   5.4597929e-01   1.0725105e+00   1.2877960e+00   2.4124298e+00   1.1306595e+01   2.1595764e-01   4.4113160e-01   8.1163640e+00   9.8594073e+00   1.0000000e+00
   1.9308212e+00  -1.3640813e+00   9.5767126e+00   1.7467193e+00  -1.3696518e+00   9.6850435e+00   1.5385897e+00   7.6174432e-01   5.6564312e+00   4.1524050e+00   6.1505127e-01   1.6756943e+01  -9.7396850e-02  -2.7061920e+00   2.5510864e+00   9.8641884e+00   2.0000000e+00
   6.5741069e-01   7.7606761e-01   9.8897084e+00   5.3850555e-01   7.3494722e-01   1.0209854e+01   5.3659608e-01   6.0312241e-01   1.0781972e+00   1.6088104e+00   2.0914154e+00   1.1118118e+01  -9.9685670e-02  -1.1048889e-01   7.8045350e+00   9.9418712e+00   1.0000000e+00
   8.3361307e-02  -1.0328761e+00   9.9766413e+00   8.3030700e-02  -1.0329285e+00   9.9773250e+00   1.6078000e-03   2.8993893e-03   2.8737784e-03   8.6471560e-02  -1.0252686e+00   9.9803920e+00   8.0352780e-02  -1.0375214e+00   9.9704440e+00   1.0030312e+01   0.0000000e+00
   8.3387247e-02  -1.0326452e+00   9.9774339e+00   8.3419800e-02  -1.0329285e+00   9.9773250e+00   1.7468578e-03   3.0792213e-03   3.0742249e-03   8.6471560e-02  -1.0252686e+00   9.9834590e+00   8.0352780e-02  -1.0375214e+00   9.9704440e+00   1.0031077e+01   0.0000000e+00
   1.3781728e+00  -1.9581349e-01   1.0338925e+01   8.9820865e-01  -2.2885895e-01   1.1863198e+01   1.6349779e+00   4.3076562e-01   7.0412882e+00   4.2619630e+00   4.9783325e-01   1.8685333e+01  -1.0213623e+00  -9.3716430e-01   6.8553160e-01   1.0432213e+01   2.0000000e+00
   7.8464049e-01   5.1197764e-01   9.8118682e+00   7.2084045e-01   3.2467651e-01   1.0554230e+01   3.8820661e-01   5.8611552e-01   1.3600283e+00   1.5069122e+00   1.4325256e+00   1.1383972e+01   2.3664856e-01  -5.4489136e-01   7.6865540e+00   9.8564974e+00   1.0000000e+00
   1.8530274e+00  -6.0718130e-01   9.0467687e+00   1.3766632e+00  -5.5485535e-01   7.6390533e+00   2.5186803e+00   6.8678710e-01   8.0869419e+00   5.6080780e+00   5.5068970e-01   1.8981827e+01  -1.2351227e+00  -2.5131226e+00  -1.1203003e-01   9.2545342e+00   2.0000000e+00
   1.4043238e+00  -1.4935964e-01   9.5815674e+00   1.5348740e+00   2.2819519e-02   9.9861452e+00   2.1790791e+00   7.8232354e-01   7.5383296e+00   4.3286285e+00   9.5214844e-01   1.8409515e+01  -1.5415802e+00  -1.6856842e+00   8.3645630e-01   9.6850848e+00   2.0000000e+00
   8.2850646e-02  -1.0324651e+00   9.9779180e+00   8.2641600e-02  -1.0329285e+00   9.9788670e+00   1.5575952e-03   3.0157070e-03   3.1021172e-03   8.5708620e-02  -1.0267944e+00   9.9834590e+00   8.1115720e-02  -1.0367584e+00   9.9727330e+00   1.0031535e+01   0.0000000e+00
   1.4752167e+00   2.2321980e-01   8.8843491e+00   1.3766632e+00   2.4192810e-01   8.3898770e+00   1.2124761e+00   1.3100887e+00   6.6722055e+00   3.6145782e+00   1.8922119e+00   1.7740677e+01  -4.6131897e-01  -1.9055634e+00   4.5492554e-01   9.0087597e+00   2.0000000e+00
   9.0150350e-01   3.5714010e-01   9.8262985e+00   8.6795044e-01   1.8447875e-01   9.8892290e+00   4.7740596e-01   7.0542500e-01   1.2480160e+00   1.6670380e+00   1.4325256e+00   1.1970078e+01   2.3664856e-01  -7.0195010e-01   7.9945526e+00   9.8740266e+00   1.0000000e+00
   8.3132934e-02  -1.0373967e+00   9.9778163e+00   8.3419800e-02  -1.0375214e+00   9.9765625e+00   1.5379628e-03   3.2390149e-03   2.5696554e-03   8.6471560e-02  -1.0321655e+00   9.9849850e+00   8.0352780e-02  -1.0428925e+00   9.9742740e+00   1.0031945e+01   0.0000000e+00
   1.2811249e+00  -2.8011323e-01   9.7930461e+00   1.3916015e+00  -1.3731384e-01   9.3774410e+00   5.5538930e-01   9.7168924e-01   3.1494852e+00   2.1144562e+00   1.0770416e+00   1.4651581e+01   1.2785340e-01  -2.2166138e+00   5.0318604e+00   9.8804603e+00   2.0000000e+00
   8.3285014e-02  -1.0306783e+00   9.9780727e+00   8.3419800e-02  -1.0317764e+00   9.9773250e+00   1.9313042e-03   3.5585388e-03   2.6875931e-03   8.6471560e-02  -1.0229645e+00   9.9834590e+00   7.8048706e-02  -1.0352173e+00   9.9750370e+00   1.0031509e+01   0.0000000e+00
   4.4417825e-02   9.2354889e-01   9.7300432e+00   2.8567505e-01   1.0233994e+00   9.8585820e+00   5.2289814e-01   7.3599493e-01   1.0030039e+00   6.9940186e-01   1.9259186e+00   1.1430710e+01  -9.4168090e-01  -2.3460388e-01   8.4550020e+00   9.7738762e+00   1.0000000e+00
   6.8080342e-01   3.5997366e-01   9.7848755e+00   8.4151459e-01   2.4844360e-01   1.0131332e+01   5.4030790e-01   7.2700649e-01   1.2392807e+00   1.3973541e+00   1.7941437e+00   1.1449860e+01  -6.6587830e-01  -9.0267944e-01   7.6130066e+00   9.8151344e+00   1.0000000e+00
   8.3389282e-02  -1.0307312e+00   9.9776887e+00   8.3419800e-02  -1.0313873e+00   9.9781040e+00   1.3422187e-03   4.0964850e-03   3.8373125e-03   8.5708620e-02  -1.0214386e+00   9.9872890e+00   8.1115720e-02  -1.0367584e+00   9.9696660e+00   1.0031133e+01   0.0000000e+00
   8.3516439e-02  -1.0259542e+00   9.9779694e+00   8.3419800e-02  -1.0260315e+00   9.9773250e+00   2.1445044e-03   4.0956165e-03   3.0927331e-03   8.6486820e-02  -1.0191345e+00   9.9826970e+00   7.9589844e-02  -1.0336914e+00   9.9712070e+00   1.0030924e+01   0.0000000e+00
   8.2163491e-02  -1.0257757e+00   9.9785585e+00   8.1878660e-02  -1.0260315e+00   9.9781040e+00   1.3273820e-03   3.1180981e-03   1.9245584e-03   8.4182740e-02  -1.0198975e+00   9.9826970e+00   8.0352780e-02  -1.0313873e+00   9.9742740e+00   1.0031480e+01   0.0000000e+00
   3.4017639e-01   1.2666295e+00   9.7842879e+00   3.5271454e-01   1.4378815e+00   9.8340610e+00   5.1443605e-01   6.5466540e-01   1.0171020e+00   1.5429230e+00   2.0960083e+00   1.1474381e+01  -8.5740660e-01  -3.8467407e-02   8.2741850e+00   9.8717962e+00   1.0000000e+00
   6.5804952e-01   1.2284765e+00   9.6343011e+00   7.1548460e-01   1.2609100e+00   9.6593780e+00   4.2972750e-01   5.7557556e-01   1.0741900e+00   1.5429230e+00   2.0960083e+00   1.1237640e+01  -1.0888672e-01   8.2550050e-03   8.1385800e+00   9.7345745e+00   1.0000000e+00
   8.3157857e-02  -1.0311147e+00   9.9777141e+00   8.3419800e-02  -1.0329285e+00   9.9773250e+00   2.0254544e-03   4.1880681e-03   4.0334283e-03   8.6471560e-02  -1.0214386e+00   9.9872890e+00   7.8048706e-02  -1.0367584e+00   9.9696660e+00   1.0031196e+01   0.0000000e+00
   5.0532837e-01   1.0889603e+00   9.8233591e+00   5.8753970e-01   1.1965485e+00   9.4984890e+00   3.3997189e-01   5.4214810e-01   1.1348068e+00   9.3919370e-01   2.0163270e+00   1.1566315e+01  -1.9622803e-01   2.5802612e-01   8.1347500e+00   9.8964426e+00   1.0000000e+00
   8.2214355e-02  -1.0354299e+00   9.9773813e+00   8.2641600e-02  -1.0367584e+00   9.9773250e+00   1.3320695e-02   9.6846335e-03   3.1191750e-03   1.1636352e-01  -1.0107117e+00   9.9834590e+00   5.2001953e-02  -1.0536194e+00   9.9704440e+00   1.0031302e+01   0.0000000e+00
   1.3755412e+00  -2.7608134e-01   9.3658448e+00   1.3360596e+00  -3.2041930e-01   8.2297520e+00   1.6450650e+00   7.3889647e-01   5.1223150e+00   4.5393066e+00   5.8822630e-01   1.7643372e+01  -5.4405210e-01  -1.8312530e+00   1.3605042e+00   9.4703423e+00   2.0000000e+00
   8.2851155e-02  -1.0313176e+00   9.9781219e+00   8.2641600e-02  -1.0313873e+00   9.9781040e+00   2.2392763e-03   7.0961085e-03   2.9307868e-03   8.5708620e-02  -1.0130157e+00   9.9834590e+00   7.8048706e-02  -1.0444183e+00   9.9734955e+00   1.0031620e+01   0.0000000e+00
   8.2494608e-02  -1.0378550e+00   9.9771272e+00   8.2641600e-02  -1.0379029e+00   9.9773250e+00   1.3257785e-03   2.7848702e-03   3.1604128e-03   8.4182740e-02  -1.0336914e+00   9.9819340e+00   7.9589844e-02  -1.0421143e+00   9.9704440e+00   1.0031302e+01   0.0000000e+00
   9.7760722e-01  -9.7327220e-01   9.4726690e+00   5.4616549e-01  -3.1543732e-01   8.3335648e+00   1.8440785e+00   1.1952196e+00   1.0065883e+01   3.9164429e+00   2.4423218e-01   2.1042755e+01  -1.4036713e+00  -3.2302246e+00  -2.1055450e+00   9.5725876e+00   2.0000000e+00
   1.8898875e-01   9.0559539e-01   9.9279389e+00   2.2821807e-01   8.1961060e-01   9.5590210e+00   4.3705207e-01   5.5028048e-01   1.0616807e+00   9.7520447e-01   1.6991425e+00   1.1687363e+01  -8.6047363e-01  -2.6214600e-02   8.2979430e+00   9.9709473e+00   1.0000000e+00
   1.6132767e+00  -3.0552571e-01   9.0531826e+00   8.5708620e-02   3.2160950e-01   4.6426697e+00   2.4086634e+00   9.3872655e-01   7.7515919e+00   4.8963320e+00   8.9851380e-01   1.8718277e+01  -1.2550354e+00  -1.8312530e+00   1.8217468e-01   9.2008762e+00   2.0000000e+00
   1.6315358e+00  -5.8320109e-01   9.6843800e+00   1.7911529e+00  -6.7207335e-01   9.1548693e+00   1.9550818e+00   3.8399740e-01   7.0493242e+00   4.2619630e+00   2.9632568e-01   1.8685333e+01  -1.0213623e+00  -1.1470795e+00   6.8553160e-01   9.8381527e+00   2.0000000e+00
   2.0170614e+00  -3.1982525e-01   9.3335155e+00   1.7409668e+00  -1.7255403e-01   9.4027176e+00   3.3015710e+00   1.6039386e+00   8.4902266e+00   6.9902040e+00   1.8922119e+00   1.8520615e+01  -2.4050293e+00  -2.3782806e+00   3.8442993e-01   9.5543360e+00   2.0000000e+00
   6.4430592e-01   8.5840301e-01   9.8221085e+00   5.8792114e-01   9.5100400e-01   9.3284072e+00   4.0970131e-01   5.1102492e-01   1.1864007e+00   1.5804596e+00   1.4838562e+00   1.1566315e+01  -1.6952515e-02  -3.5258484e-01   8.4389040e+00   9.8805770e+00   1.0000000e+00
   9.7967529e-01   9.0130513e-01   9.8101324e+00   9.4915770e-01   1.0394897e+00   9.7126310e+00   3.0764905e-01   4.6401133e-01   8.4988870e-01   1.5551758e+00   1.5849915e+00   1.1645996e+01   4.3583680e-01  -1.0359192e-01   8.4603580e+00   9.9000410e+00   1.0000000e+00
   2.1423508e+00  -1.0312434e+00   9.6355276e+00   1.6019135e+00  -9.4558716e-01   9.9826970e+00   1.6098260e+00   4.0423668e-01   4.5718850e+00   4.9668120e+00  -2.4533081e-01   1.6138672e+01  -1.6175842e-01  -1.7868195e+00   3.4191284e+00   9.9245414e+00   2.0000000e+00
   8.2749938e-02  -1.0368830e+00   9.9772034e+00   8.2641600e-02  -1.0371399e+00   9.9773250e+00   1.1527138e-03   2.3803060e-03   3.4205653e-03   8.4182740e-02  -1.0329285e+00   9.9826970e+00   8.0352780e-02  -1.0413513e+00   9.9681400e+00   1.0031279e+01   0.0000000e+00
   7.2587942e-01   1.0817846e+00   9.6991435e+00   7.6260375e-01   1.0869904e+00   9.7428890e+00   3.7704414e-01   5.7642649e-01   1.1651604e+00   1.8769531e+00   2.1067352e+00   1.1426117e+01   2.5427246e-01   1.9520569e-01   7.9715576e+00   9.7862426e+00   1.0000000e+00
   2.6253545e+00  -5.7781372e-01   9.9047522e+00   5.1606600e+00  -1.3485870e+00   1.7699310e+01   4.0716863e+00   1.5197430e+00   8.9783960e+00   6.9902040e+00   1.3321533e+00   1.8761948e+01  -2.4050293e+00  -2.3782806e+00  -5.2276610e-02   1.0263063e+01   2.0000000e+00
   8.3082580e-02  -1.0261602e+00   9.9782263e+00   8.3419800e-02  -1.0260315e+00   9.9781040e+00   1.4741244e-03   3.0518724e-03   1.8789711e-03   8.5708620e-02  -1.0198975e+00   9.9826970e+00   8.0352780e-02  -1.0306244e+00   9.9742580e+00   1.0031197e+01   0.0000000e+00
   1.9513804e+00  -1.2358037e+00   9.5610077e+00   1.4716721e+00  -1.0811997e+00   9.2640535e+00   2.1790225e+00   1.1716497e+00   7.9077651e+00   6.4853210e+00   6.1505127e-01   2.0390778e+01  -1.1201935e+00  -3.1459503e+00  -1.0252686e+00   9.8360543e+00   2.0000000e+00
   6.9998271e-01   8.3495636e-01   9.8744604e+00   5.8599854e-01   9.2379760e-01   9.5835340e+00   5.5569491e-01   4.8160224e-01   1.2815588e+00   1.8654633e+00   1.7650299e+00   1.1705749e+01  -2.7436830e-01  -1.9937134e-01   8.2381740e+00   9.9343895e+00   1.0000000e+00
   5.7870128e-01   1.2230342e+00   9.5950490e+00   5.4463195e-01   1.1498108e+00   9.4716800e+00   3.7398197e-01   5.5779361e-01   1.0003103e+00   1.2785950e+00   2.2109375e+00   1.0898239e+01   1.0333252e-01   1.9442749e-01   8.0512390e+00   9.6899780e+00   1.0000000e+00
   2.1134674e+00  -4.1253001e-01   9.9511800e+00   1.7084122e+00  -5.2996065e-01   9.5666810e+00   2.6132509e+00   4.6429773e-01   6.6163057e+00   6.0501556e+00   2.7793884e-01   1.9353409e+01  -2.2471924e+00  -9.8542786e-01  -7.6019290e-01   1.0181498e+01   2.0000000e+00
   7.8951975e-01   4.4412028e-01   9.9405293e+00   6.6185762e-01   6.7366026e-01   9.4065550e+00   4.0697953e-01   6.3629583e-01   1.5028722e+00   1.6279602e+00   1.5619965e+00   1.2117172e+01   1.0180664e-01  -1.1034088e+00   8.3056030e+00   9.9817187e+00   1.0000000e+00
   8.2877603e-02  -1.0366023e+00   9.9778947e+00   8.2641600e-02  -1.0359955e+00   9.9788670e+00   9.9146819e-04   2.0359173e-03   4.5148726e-03   8.4182740e-02  -1.0336914e+00   9.9857640e+00   8.1115720e-02  -1.0405884e+00   9.9704440e+00   1.0031939e+01   0.0000000e+00
   1.8465932e+00  -2.6606853e-01   8.8101604e+00  -3.1420898e-01   7.3074340e-01   1.1046143e+00   3.0712941e+00   1.4364864e+00   8.6981718e+00   6.4653930e+00   1.1367950e+00   1.8413345e+01  -1.5599670e+00  -2.5315094e+00  -6.1462402e-02   9.0055330e+00   2.0000000e+00
   8.7941539e-01   1.2023234e+00   9.6991684e+00   8.9476777e-01   1.1988525e+00   9.7363740e+00   3.1118918e-01   5.6127162e-01   1.0487995e+00   1.4915924e+00   2.2890778e+00   1.1306595e+01   2.1595764e-01   1.9137573e-01   8.1163640e+00   9.8128906e+00   1.0000000e+00
   8.1880695e-02  -1.0380325e+00   9.9783264e+00   8.1878660e-02  -1.0382843e+00   9.9788670e+00   1.0058026e-03   3.1495619e-03   3.2355630e-03   8.4182740e-02  -1.0329285e+00   9.9849850e+00   8.0352780e-02  -1.0428772e+00   9.9734955e+00   1.0032508e+01   0.0000000e+00
   8.2980855e-02  -1.0349925e+00   9.9788889e+00   8.3419800e-02  -1.0344543e+00   9.9792482e+00   1.3606277e-03   2.6169585e-03   4.7361437e-03   8.5708620e-02  -1.0313873e+00   9.9872890e+00   8.1115720e-02  -1.0398254e+00   9.9712070e+00   1.0032762e+01   0.0000000e+00
   5.3745880e-01   1.0652089e+00   9.8201161e+00   5.6301880e-01   1.0908203e+00   9.6310270e+00   4.9689597e-01   5.7084471e-01   1.0467261e+00   1.3644104e+00   2.1036682e+00   1.1534134e+01  -3.1037903e-01   1.2242127e-01   8.2381740e+00   9.8923309e+00   1.0000000e+00
   8.1374105e-02  -1.0342814e+00   9.9781495e+00   8.4182740e-02  -1.0359955e+00   9.9788670e+00   1.4493238e-02   1.2226187e-02   2.7042068e-03   1.1636352e-01  -1.0107117e+00   9.9834590e+00   5.2001953e-02  -1.0536194e+00   9.9742740e+00   1.0031940e+01   0.0000000e+00
   8.3131408e-02  -1.0315714e+00   9.9782263e+00   8.2641600e-02  -1.0321655e+00   9.9781040e+00   1.4442477e-03   2.8216430e-03   3.3174943e-03   8.5708620e-02  -1.0267944e+00   9.9834590e+00   8.0352780e-02  -1.0352173e+00   9.9734955e+00   1.0031752e+01   0.0000000e+00
   8.3852743e-01   5.9099070e-01   9.8992869e+00   9.1085815e-01   6.5220643e-01   1.0122131e+01   4.1961279e-01   6.1812962e-01   1.1800146e+00   1.5329590e+00   1.5482178e+00   1.1669739e+01  -1.4106750e-01  -6.3223267e-01   7.7830963e+00   9.9523002e+00   1.0000000e+00
   1.1027710e+00  -1.3040924e+00   8.9904073e+00  -4.9502563e-01  -1.8557740e-01   5.7060240e-01   2.1857350e+00   1.5944118e+00   1.0731632e+01   4.1868896e+00   5.5223083e-01   2.1066513e+01  -1.4036713e+00  -3.4478150e+00  -2.1055450e+00   9.1511849e+00   2.0000000e+00
   5.1988932e-01   8.8011017e-01   9.9691294e+00   5.3008270e-01   8.8166809e-01   1.0148941e+01   5.8263587e-01   9.0594342e-01   1.4354574e+00   1.3368225e+00   2.6690826e+00   1.1905716e+01  -8.6123660e-01  -7.8315735e-01   7.3463900e+00   1.0021398e+01   1.0000000e+00
   2.2301773e+00  -5.0071107e-01   9.5567673e+00   2.0014572e+00  -3.3419800e-01   9.1556398e+00   1.9717473e+00   5.3249441e-01   5.4749311e+00   4.7906036e+00   2.5495910e-01   1.6300323e+01  -2.9658508e-01  -1.6083069e+00   2.6667786e+00   9.8263016e+00   2.0000000e+00
   2.9773153e-01   1.3188782e+00   9.7672781e+00   2.9104614e-01   1.4241028e+00   9.5720370e+00   4.9532846e-01   5.5421067e-01   1.0587567e+00   9.7520447e-01   1.9259186e+00   1.1565552e+01  -9.4168090e-01  -2.3460388e-01   8.5760500e+00   9.8604161e+00   1.0000000e+00
   8.2291157e-02  -1.0323903e+00   9.9781755e+00   8.2260130e-02  -1.0321655e+00   9.9781040e+00   1.5571064e-03   2.9846090e-03   3.0063157e-03   8.4945680e-02  -1.0267944e+00   9.9842220e+00   7.8811646e-02  -1.0375214e+00   9.9727330e+00   1.0031779e+01   0.0000000e+00
   2.0795029e+00  -2.8603923e-01   9.6121078e+00   2.0608368e+00  -2.7291870e-01   9.4785770e+00   2.6460212e+00   4.5640352e-01   7.0394519e+00   6.0501556e+00   6.0662840e-01   1.9036224e+01  -2.2471924e+00  -9.6704100e-01  -7.6019290e-01   9.8386365e+00   2.0000000e+00
   8.3131917e-02  -1.0327454e+00   9.9787116e+00   8.2641600e-02  -1.0333100e+00   9.9788670e+00   1.1486557e-03   2.7915258e-03   2.8471485e-03   8.4945680e-02  -1.0267944e+00   9.9834590e+00   8.1115720e-02  -1.0375214e+00   9.9742740e+00   1.0032356e+01   0.0000000e+00
   2.2306885e+00  -4.0563304e-01   9.9874669e+00   2.6599579e+00  -3.8361359e-01   1.2009918e+01   2.5332279e+00   4.5342325e-01   6.9117023e+00   5.3154144e+00   6.0662840e-01   1.8749680e+01  -1.7024689e+00  -1.0198975e+00   2.3962402e-01   1.0241582e+01   2.0000000e+00
   1.5273895e+00  -7.2458089e-01   9.4526240e+00   1.1583099e+00  -6.6058350e-01   1.0319794e+01   1.2746722e+00   7.3550626e-01   5.0293892e+00   3.9585724e+00   5.4455566e-01   1.7500107e+01  -2.3837280e-01  -1.8074951e+00   1.0065460e+00   9.6026057e+00   2.0000000e+00
   2.3415756e+00  -7.3745270e-01   1.0007262e+01   3.9922790e+00  -9.9845886e-01   1.5317352e+01   2.1512719e+00   7.3447215e-01   6.5974348e+00   4.7906036e+00   2.5495910e-01   1.6700256e+01  -2.9658508e-01  -1.9178314e+00   2.4285126e+00   1.0303985e+01   2.0000000e+00
   8.3822632e-02  -1.0246760e+00   9.9780473e+00   8.3419800e-02  -1.0237274e+00   9.9781040e+00   1.9269866e-03   3.1068923e-03   3.9259041e-03   8.8775635e-02  -1.0214386e+00   9.9857640e+00   8.1115720e-02  -1.0352173e+00   9.9727330e+00   1.0030873e+01   0.0000000e+00
   5.8644104e-01   1.1590368e+00   9.6298065e+00   7.8367615e-01   1.2609100e+00   9.4555820e+00   3.8454515e-01   4.5558291e-01   1.1163042e+00   1.1085205e+00   1.8968048e+00   1.1565552e+01   4.2816162e-02   5.3843690e-01   8.1385800e+00   9.7170187e+00   1.0000000e+00
   8.3617147e-02  -1.0305761e+00   9.9770000e+00   8.4182740e-02  -1.0313950e+00   9.9765625e+00   1.2569770e-03   3.6495119e-03   3.4880705e-03   8.5708620e-02  -1.0229645e+00   9.9834590e+00   8.1115720e-02  -1.0352173e+00   9.9689030e+00   1.0030434e+01   0.0000000e+00
   5.4205475e-01   6.4765880e-01   9.8208042e+00   5.2739716e-01   5.0778200e-01   9.6877285e+00   5.4982297e-01   6.1593585e-01   9.9539848e-01   1.5038452e+00   1.8048706e+00   1.1738693e+01  -4.0998840e-01  -4.5372010e-01   8.4021300e+00   9.8570524e+00   1.0000000e+00
   1.1894979e+00   9.9891256e-01   9.6447221e+00   1.3605805e+00   1.0199585e+00   9.4371950e+00   5.2690406e-01   5.4132124e-01   1.1382874e+00   1.8049469e+00   1.8110046e+00   1.1914917e+01   1.6615295e-01  -2.4566650e-03   8.0918430e+00   9.7690018e+00   1.0000000e+00
   1.0374944e+00   6.2319488e-01   9.7520594e+00   1.0334320e+00   6.5795900e-01   9.6065140e+00   3.1711848e-01   7.6436681e-01   7.7463390e-01   1.6164703e+00   2.1067352e+00   1.0879852e+01   4.3583680e-01  -4.5755005e-01   8.6319890e+00   9.8268728e+00   1.0000000e+00
   1.0308543e+00   4.1020559e-01   9.8998194e+00   1.0552674e+00   4.2657470e-01   9.7620390e+00   4.7835300e-01   5.8189993e-01   1.0820947e+00   1.8654633e+00   1.3030396e+00   1.1705749e+01   5.5068970e-02  -4.5755005e-01   8.3508000e+00   9.9617947e+00   1.0000000e+00
   2.4319459e-02   1.2279892e+00   9.7061655e+00   1.1712646e-01   1.4114533e+00   9.7271805e+00   3.9783875e-01   6.1435698e-01   1.0370785e+00   5.1934814e-01   2.1703186e+00   1.1474381e+01  -8.5740660e-01  -3.8467407e-02   8.1929780e+00   9.7835678e+00   1.0000000e+00
   8.2825724e-02  -1.0281525e+00   9.9779451e+00   8.3030700e-02  -1.0283279e+00   9.9765625e+00   2.6208666e-03   5.8565171e-03   3.0929044e-03   8.8012695e-02  -1.0206757e+00   9.9842220e+00   7.8048706e-02  -1.0390625e+00   9.9742740e+00   1.0031119e+01   0.0000000e+00
   5.2267252e-01   7.8793996e-01   9.8523722e+00   4.7299957e-01   7.7822876e-01   9.9401700e+00   5.5478909e-01   5.5529175e-01   1.2206066e+00   1.5038452e+00   1.8048706e+00   1.1738693e+01  -4.0998840e-01  -2.6977539e-02   7.7830963e+00   9.8976398e+00   1.0000000e+00
   1.8791555e+00  -4.2709358e-02   9.7981801e+00   1.5789337e+00   3.3272552e-01   9.1644440e+00   1.3890184e+00   8.7170231e-01   4.5374112e+00   4.7431030e+00   1.0157471e+00   1.6845047e+01   2.7188110e-01  -1.6619263e+00   2.9295654e+00   9.9768423e+00   2.0000000e+00
   8.2826741e-02  -1.0304489e+00   9.9781479e+00   8.2641600e-02  -1.0317764e+00   9.9773250e+00   2.7484928e-03   1.1843907e-02   3.9374085e-03   8.7249756e-02  -1.0007477e+00   9.9865265e+00   7.5759890e-02  -1.0666351e+00   9.9727330e+00   1.0031556e+01   0.0000000e+00
   1.1996104e+00   6.0784659e-01   9.7356866e+00   1.0656128e+00   7.1618650e-01   9.2782210e+00   5.5508673e-01   6.8735812e-01   1.4856257e+00   2.5281830e+00   1.8830109e+00   1.2117172e+01   3.5615540e-01  -5.9393310e-01   7.6766050e+00   9.8281298e+00   1.0000000e+00
   8.3006795e-02  -1.0338181e+00   9.9774609e+00   8.3419800e-02  -1.0340728e+00   9.9781040e+00   1.3613547e-03   2.3381872e-03   4.3795794e-03   8.4945680e-02  -1.0290985e+00   9.9872890e+00   8.0352780e-02  -1.0375214e+00   9.9696660e+00   1.0031221e+01   0.0000000e+00
   8.4255982e-02  -1.0306544e+00   9.9765397e+00   8.4182740e-02  -1.0317764e+00   9.9765625e+00   1.5641234e-03   3.1133674e-03   3.2960161e-03   8.7249756e-02  -1.0229645e+00   9.9819340e+00   8.1115720e-02  -1.0336914e+00   9.9689030e+00   1.0029990e+01   0.0000000e+00
   1.3917328e+00  -5.0911458e-01   9.6574875e+00   1.5229950e+00  -2.1928406e-01   9.3774410e+00   1.0426522e+00   9.7450507e-01   3.7934463e+00   3.4973602e+00   1.0770416e+00   1.4432465e+01  -1.2113953e-01  -2.2166138e+00   3.7546997e+00   9.7705262e+00   2.0000000e+00
   2.6246134e+00  -6.0904440e-01   1.0585650e+01   2.9499435e+00  -1.1597214e+00   1.2738136e+01   2.2876445e+00   1.3806483e+00   7.1046390e+00   5.7245330e+00   1.3643341e+00   1.8469269e+01  -5.2030945e-01  -2.6280365e+00  -2.3614502e-01   1.0923164e+01   2.0000000e+00
   1.1533605e+00   1.2625021e-01   9.9123353e+00   1.2847290e+00   1.8025970e-01   9.5927280e+00   4.3447601e-01   7.8665628e-01   1.1549197e+00   1.7827301e+00   1.2272034e+00   1.1970078e+01   3.7377930e-01  -1.0704651e+00   8.4580690e+00   9.9800086e+00   1.0000000e+00
   1.0477346e+00  -2.7584941e-01   1.0289790e+01   8.9820865e-01  -1.7485046e-01   1.1863198e+01   1.0965936e+00   6.4610498e-01   7.4624409e+00   3.0867004e+00   4.9783325e-01   1.9849106e+01  -6.9422910e-01  -2.2848053e+00  -6.1462400e-01   1.0346672e+01   2.0000000e+00
   2.0575923e+00  -1.4818893e+00   9.5902492e+00   1.4716721e+00  -1.2106705e+00   9.9949493e+00   2.8736014e+00   1.4096998e+00   9.5409998e+00   6.4853210e+00   6.1505127e-01   2.0390778e+01  -1.3148041e+00  -3.3811646e+00  -1.0252686e+00   9.9198065e+00   2.0000000e+00
   8.2595825e-02  -1.0288157e+00   9.9788387e+00   8.3419800e-02  -1.0283279e+00   9.9781040e+00   3.6539478e-03   6.1730179e-03   2.7030090e-03   8.8012695e-02  -1.0206757e+00   9.9842220e+00   7.4218750e-02  -1.0390625e+00   9.9758000e+00   1.0032074e+01   0.0000000e+00
   2.2272893e+00  -4.9780122e-01   9.4185532e+00   1.9259949e+00  -6.5904236e-01   1.0193375e+01   2.3240242e+00   1.1473153e+00   5.9484815e+00   5.8570860e+00   1.3321533e+00   1.8234070e+01  -1.2328186e+00  -2.0741120e+00  -2.0095825e-02   9.6911180e+00   2.0000000e+00
   1.4089976e+00  -5.6800689e-01   9.9395356e+00   1.5206986e+00  -2.9704285e-01   9.7693255e+00   8.4463092e-01   8.6284429e-01   3.1968544e+00   2.9158478e+00   9.6594240e-01   1.4902878e+01  -8.5144040e-02  -2.1446075e+00   5.0732420e+00   1.0054963e+01   2.0000000e+00
   3.8269603e-01   6.9196930e-01   9.9138921e+00   4.3276978e-01   8.0696870e-01   9.3245700e+00   3.7261821e-01   6.3851659e-01   1.1770442e+00   1.3590393e+00   1.9879761e+00   1.1804581e+01  -2.0465088e-01  -5.5331420e-01   8.2741850e+00   9.9453776e+00   1.0000000e+00
